spectrum_conversion/eureka_spectra/eureka_trappist1g_visit7.txt
# %ECSV 1.0
# ---
# datatype:
# - {name: wavelength, datatype: float64}
# - {name: bin_width, datatype: float64}
# - {name: rp^2_value, datatype: float64}
# - {name: rp^2_errorneg, datatype: float64}
# - {name: rp^2_errorpos, datatype: float64}
# schema: astropy-2.0
wavelength bin_width rp^2_value rp^2_errorneg rp^2_errorpos
3.0075000000000003 0.007500000000000062 0.00767803728745548 8.946866900512267e-05 8.752386497697714e-05
3.023 0.008000000000000007 0.007653571120108651 8.731268001785711e-05 8.409533953810267e-05
3.0385 0.00749999999999984 0.0076222136602233275 8.881264528181991e-05 8.677238484196704e-05
3.0534999999999997 0.007500000000000062 0.007728833688271949 5.839620515134605e-05 7.24844609411076e-05
3.069 0.008000000000000007 0.007591399948887096 8.776472395132136e-05 8.217603776680682e-05
3.0845000000000002 0.007500000000000062 0.007561766259963054 8.782968514142037e-05 8.61211582846317e-05
3.0995 0.007500000000000062 0.007645870143409496 7.854145057090839e-05 8.654859746378297e-05
3.115 0.008000000000000007 0.007567211334741117 8.642216880517563e-05 8.60628340856838e-05
3.1305 0.00749999999999984 0.007662993774492604 8.826251559891814e-05 8.850873824066754e-05
3.1455 0.007500000000000062 0.0076626411024764704 7.927427669171018e-05 8.526280237419488e-05
3.161 0.008000000000000007 0.007620726237356408 8.289437377603445e-05 8.395926907487587e-05
3.1765 0.007500000000000062 0.007604744945387408 8.698734452942773e-05 8.874468295402144e-05
3.1915 0.00749999999999984 0.007619669994056354 8.632380079928292e-05 9.019926437158193e-05
3.207 0.008000000000000007 0.0077990506288819145 7.946459245675337e-05 7.99276108173182e-05
3.2225 0.007500000000000062 0.007654203290688279 7.758247787169326e-05 7.968705243192702e-05
3.2375 0.007500000000000062 0.007675287960632839 8.761939054508557e-05 7.92082309840703e-05
3.253 0.008000000000000007 0.0076619231124037766 7.984086817049672e-05 8.254838531093333e-05
3.2685 0.00749999999999984 0.007566460180258748 8.056659331651637e-05 8.688491148212997e-05
3.2835 0.007500000000000062 0.007601560592796037 8.808051981477102e-05 8.579469231388345e-05
3.299 0.008000000000000007 0.007657524031904175 8.638384441862247e-05 8.22250251693692e-05
3.3145 0.007500000000000062 0.007588674518215893 8.252404253146668e-05 8.477187411898117e-05
3.3295000000000003 0.007500000000000062 0.007557287158591923 8.553595882899914e-05 9.520807593021811e-05
3.345 0.008000000000000007 0.007612357117056166 7.420420519761023e-05 8.497521496417249e-05
3.3605 0.00749999999999984 0.007641775712776339 7.915279202582847e-05 7.784785686251652e-05
3.3754999999999997 0.007500000000000062 0.007535159327980857 8.640261928716687e-05 8.104812187139342e-05
3.391 0.008000000000000007 0.007600810091827519 8.650846670040305e-05 8.410747830545767e-05
3.4065000000000003 0.007500000000000062 0.007655738884934378 8.034845443636099e-05 8.376626818428368e-05
3.4215 0.00749999999999984 0.0076658217308797445 8.894784793623493e-05 8.7057436504708e-05
3.437 0.008000000000000007 0.007654919552680137 7.71004034867762e-05 7.679550306616788e-05
3.4524999999999997 0.007500000000000062 0.007571466251904525 8.204015186405889e-05 8.593592151486928e-05
3.4675000000000002 0.007500000000000062 0.007647800514775074 8.292324867648516e-05 8.973635199163808e-05
3.483 0.008000000000000007 0.007607981898298579 8.162989814850929e-05 8.278160651434621e-05
3.4985 0.00749999999999984 0.007677401684405948 8.135453896368407e-05 8.423340182937486e-05
3.5134999999999996 0.007500000000000062 0.007598515791468352 9.118567946020222e-05 8.300062347310708e-05
3.529 0.008000000000000007 0.007609742814897113 7.831977414759442e-05 7.553654600253243e-05
3.5445 0.007500000000000062 0.0076335730894261915 8.959998912504673e-05 8.992326754546278e-05
3.5595 0.007500000000000062 0.007583922329881164 8.688526017838327e-05 9.007672315084186e-05
3.575 0.008000000000000007 0.0077201058990497805 7.964210486155823e-05 9.660440003767153e-05
3.5905 0.00749999999999984 0.00758261264231625 8.24937930404791e-05 7.589407568394432e-05
3.6055 0.007500000000000062 0.007630751178957509 7.5350148141585e-05 9.18360997878391e-05
3.621 0.008000000000000007 0.007578554784248889 8.619472425769239e-05 8.259089544068298e-05
3.6365 0.007500000000000062 0.007602508541181205 8.900526869425746e-05 8.368538672701847e-05
3.6515 0.00749999999999984 0.007669235209010011 8.92091161023758e-05 8.278341143205109e-05
3.667 0.008000000000000007 0.007672297137797194 8.936131991253791e-05 8.029381301170781e-05
3.6825 0.007500000000000062 0.00768726232778497 8.665338709491852e-05 7.951065676123272e-05
3.6975 0.007500000000000062 0.0076487337580075365 8.985942569239656e-05 8.871621183387159e-05
3.713 0.008000000000000007 0.007640995594077167 6.156834989107414e-05 7.498593501853792e-05
3.7285000000000004 0.007500000000000062 0.007674293342969941 7.878127598240706e-05 8.131081033337876e-05
3.7435 0.00749999999999984 0.007613521127225118 7.91203803392872e-05 8.471095454455971e-05
3.759 0.008000000000000007 0.007599339795654174 8.240572381275346e-05 7.978328710199229e-05
3.7744999999999997 0.007500000000000062 0.007631918832974549 7.297098313918584e-05 8.014199871726312e-05
3.7895000000000003 0.007500000000000062 0.00763190215980147 7.807257444339324e-05 8.313239895930795e-05
3.805 0.008000000000000007 0.007694431832341732 8.482882439950039e-05 8.129606881999377e-05
3.8205 0.00749999999999984 0.007651974646428305 8.041868512795054e-05 8.02810399160572e-05
3.8354999999999997 0.007500000000000062 0.007634490559759524 9.001868942658166e-05 8.452591038167218e-05
3.851 0.008000000000000007 0.007731701166593563 8.163156672342641e-05 8.610514011584639e-05
3.8665000000000003 0.007500000000000062 0.0076703372816150205 8.593428931662466e-05 8.185830423858981e-05
3.8815 0.00749999999999984 0.007554680285150651 8.867371289152277e-05 8.1535722143148e-05
3.897 0.008000000000000007 0.007526646357356937 8.729223745279104e-05 8.429795546621363e-05
3.9124999999999996 0.007500000000000062 0.00759038006956215 8.566512897963553e-05 8.345395148671216e-05
3.9275 0.007500000000000062 0.00761179250728732 8.269834793975424e-05 8.631705249072513e-05
3.943 0.008000000000000007 0.007662688614669818 8.327706543374749e-05 7.671476098290546e-05
3.9585 0.007500000000000062 0.007528224873035414 8.270485213243521e-05 8.533134337693898e-05
3.9735 0.00749999999999984 0.0076750236033981505 8.513487422558141e-05 7.743249625809159e-05
3.989 0.008000000000000007 0.007580320987028034 9.323805433927336e-05 7.967810119897424e-05
4.0045 0.00749999999999984 0.007642872067522494 8.09173578831101e-05 8.354204735383248e-05
4.0195 0.007500000000000284 0.007613164671762935 8.529766741088851e-05 7.876318917993119e-05
4.035 0.008000000000000007 0.007626410620771154 8.143491858055019e-05 7.851462823742824e-05
4.0504999999999995 0.00749999999999984 0.007582106055672721 8.865978288671427e-05 8.465197130871991e-05
4.0655 0.007500000000000284 0.0076917405421030515 7.979030949809961e-05 8.087873653352118e-05
4.081 0.008000000000000007 0.007590225743343241 8.30543827481248e-05 8.588187401882292e-05
4.096500000000001 0.00749999999999984 0.0075986610260578786 7.993285592647163e-05 8.586911731255434e-05
4.1114999999999995 0.00749999999999984 0.007588349462059114 8.109445287736786e-05 8.064468580080194e-05
4.127 0.008000000000000007 0.007604777032453339 8.551462109433229e-05 8.405764682216117e-05
4.1425 0.007500000000000284 0.0076135703885666225 7.86191950618827e-05 7.638592989417121e-05
4.157500000000001 0.00749999999999984 0.0075689719399183565 8.007215029305365e-05 8.97328713663709e-05
4.173 0.008000000000000007 0.007643675213089969 8.1131463018678e-05 8.125088374963136e-05
4.1884999999999994 0.00749999999999984 0.007611790143580584 8.36684914935883e-05 8.831321809129201e-05
4.2035 0.007500000000000284 0.007616810564025999 8.258803235032877e-05 9.015071056004288e-05
4.219 0.008000000000000007 0.007600528000088346 8.282535393213178e-05 8.283193819071891e-05
4.234500000000001 0.00749999999999984 0.007599734031600407 8.263325388849826e-05 8.013938314203536e-05
4.249499999999999 0.00749999999999984 0.007600805407691186 8.421988800388826e-05 9.062279908617337e-05
4.265 0.008000000000000007 0.007577354990592525 8.363745891534421e-05 8.486424674728887e-05
4.2805 0.007500000000000284 0.007670473287507522 7.406981354224872e-05 7.880751477472303e-05
4.2955000000000005 0.00749999999999984 0.007616746446321354 7.81380480296013e-05 8.573246850330628e-05
4.311 0.008000000000000007 0.007609563059542726 8.42122962896319e-05 8.35815895418885e-05
4.326499999999999 0.00749999999999984 0.0075549373969406 9.024295930082187e-05 9.143900805537366e-05
4.3415 0.007500000000000284 0.007583140380120919 7.955119353878892e-05 8.46401165656447e-05
4.357 0.008000000000000007 0.007624179485323468 9.010822212329045e-05 8.764372037027741e-05
4.3725000000000005 0.00749999999999984 0.0075870861287864735 7.881372827288693e-05 8.007734243619183e-05
4.387499999999999 0.00749999999999984 0.007573584677281738 8.383377086061336e-05 7.740659734926329e-05
4.403 0.008000000000000007 0.007601878063576354 8.546004900316685e-05 8.28760577094665e-05
4.4185 0.007500000000000284 0.007605712125035824 8.389647691024824e-05 8.589831648093092e-05
4.4335 0.00749999999999984 0.007558086591400037 8.972994392677722e-05 7.84074919532628e-05
4.449 0.008000000000000007 0.007639603676733481 7.865360166122749e-05 8.734529141645169e-05
4.4645 0.007500000000000284 0.007617293528442489 8.681479995619867e-05 8.738676328802226e-05
4.4795 0.00749999999999984 0.007573592883692214 8.515770668424995e-05 8.588908400511755e-05
4.495 0.008000000000000007 0.007539020597160483 9.538061776878919e-05 8.749259597762554e-05
4.5105 0.00749999999999984 0.0076111030323636995 8.779252684964177e-05 8.91460426280799e-05
4.5255 0.007500000000000284 0.007612741596763107 8.591226705598372e-05 8.794949141047691e-05
4.541 0.008000000000000007 0.007614896091364831 8.826261460372076e-05 8.970399490757733e-05
4.5565 0.00749999999999984 0.007593933239631257 9.310435677372265e-05 8.799747385908503e-05
4.5715 0.00749999999999984 0.007620617020713277 9.147513684794068e-05 8.637388272433964e-05
4.587 0.008000000000000007 0.00764156719515806 8.164255248192722e-05 8.779686581081476e-05
4.6025 0.007500000000000284 0.007610213755221176 8.887863985803952e-05 9.481109568223577e-05
4.6175 0.00749999999999984 0.007563913151289151 9.063670989128015e-05 8.173814419527772e-05
4.633 0.008000000000000007 0.007585280831978606 8.802047907187881e-05 8.064692545566455e-05
4.6485 0.00749999999999984 0.0076395144334929915 8.16060059177226e-05 8.86238186545785e-05
4.6635 0.007500000000000284 0.007585135791311312 8.901538549887025e-05 8.355126919123903e-05
4.679 0.008000000000000007 0.007614994079206342 8.707510917769275e-05 9.229771370287965e-05
4.6945 0.00749999999999984 0.007607838138124945 8.52239954601576e-05 8.354540249607637e-05
4.7095 0.00749999999999984 0.007549696905404287 8.205427425820797e-05 9.152880026173753e-05
4.725 0.008000000000000007 0.00755677590020556 8.441744315679841e-05 9.206100426278462e-05
4.7405 0.007500000000000284 0.007583097014387234 8.281195669181812e-05 9.142529074088537e-05
4.7555 0.00749999999999984 0.007560050599226933 7.963212529375156e-05 8.827505647245309e-05
4.771 0.008000000000000007 0.00759977033839383 9.120725676925456e-05 8.788303099451639e-05
4.7865 0.00749999999999984 0.007569570021657829 8.800959916955599e-05 8.44025268005753e-05
4.8015 0.007500000000000284 0.00757998936895483 9.004322875722556e-05 8.621943916845617e-05
4.817 0.008000000000000007 0.0075927719646715994 8.346544134888844e-05 8.59710345542733e-05
4.8325 0.00749999999999984 0.007563688652144236 8.849446493713019e-05 8.862657657587609e-05
4.8475 0.007500000000000284 0.007579667353143827 9.572203348222168e-05 8.547564529038428e-05
4.863 0.008000000000000007 0.00760882669082711 9.196611836594353e-05 8.646561483418441e-05
4.878500000000001 0.00749999999999984 0.007583588518407829 8.432534595551565e-05 8.830241522656337e-05
4.8934999999999995 0.00749999999999984 0.007526483562246704 8.28627073986496e-05 9.861562531250645e-05
4.909 0.008000000000000007 0.007581658673563567 9.102634247567989e-05 9.263918724803331e-05
4.9245 0.007500000000000284 0.0076042572455329 8.560174083430908e-05 8.859660028156559e-05
4.939500000000001 0.00749999999999984 0.0075822037950050245 9.58569388232423e-05 9.129391623207295e-05
4.955 0.008000000000000007 0.007567654727806192 8.7531759093421e-05 8.701893885107795e-05
4.9704999999999995 0.00749999999999984 0.00759107882767892 9.25889290931672e-05 8.827815320357462e-05
4.9855 0.007500000000000284 0.007599658101306787 8.617073950111572e-05 8.641707320996422e-05
5.001 0.008000000000000007 0.007565744260375792 9.34310700377635e-05 8.258292640246634e-05
5.016500000000001 0.00749999999999984 0.007574070509510271 9.084093791939148e-05 8.666617492814575e-05
5.031499999999999 0.00749999999999984 0.007541830513551614 9.082546722979663e-05 8.522685421638067e-05
5.047 0.008000000000000007 0.007559843416358736 8.87825077896939e-05 8.66470010578756e-05
5.0625 0.007500000000000284 0.007565431154948819 8.91974282734723e-05 9.055288671220348e-05
5.077500000000001 0.00749999999999984 0.007589600791406949 9.303239763385016e-05 8.794238056906555e-05
5.093 0.008000000000000007 0.0075920142678389995 8.846262133022781e-05 9.27928251890078e-05
5.108499999999999 0.00749999999999984 0.007580174340040935 8.476097818263615e-05 8.47457670157016e-05
5.1235 0.007500000000000284 0.007562617458381109 9.035273694166061e-05 8.926085338080859e-05
5.139 0.008000000000000007 0.007516053133994667 8.342095068576347e-05 9.423421751760929e-05
5.1545000000000005 0.00749999999999984 0.007571687031525977 8.448028486009347e-05 9.022304328746254e-05
5.169499999999999 0.00749999999999984 0.007590250057776416 8.618141405581075e-05 8.683906735522211e-05
5.185 0.008000000000000007 0.007575504844231127 8.94470171996899e-05 8.217398622018673e-05
5.2005 0.007500000000000284 0.007530430017028242 8.311955750062768e-05 8.563814448870125e-05
5.2155000000000005 0.00749999999999984 0.007565382345417742 9.030963605036017e-05 8.538427937334302e-05
5.231 0.008000000000000007 0.007583507172651784 8.755455784451981e-05 8.178997289463863e-05
5.246499999999999 0.00749999999999984 0.007568327439805333 8.998910020628203e-05 8.234323190683783e-05
5.2615 0.007500000000000284 0.007569318786643543 9.720558608629273e-05 8.362989724152586e-05
5.277 0.008000000000000007 0.0075737086650913095 8.850086768524227e-05 9.472139033955742e-05
5.2925 0.00749999999999984 0.007524057668833272 9.035624404202334e-05 8.269592249317715e-05
