spectrum_conversion/eureka_spectra/eureka_wasp39b.txt
# %ECSV 1.0
# ---
# datatype:
# - {name: wavelength, datatype: float32}
# - {name: bin_width, datatype: float32}
# - {name: rp^2_value, datatype: float64}
# - {name: rp^2_errorneg, datatype: float64}
# - {name: rp^2_errorpos, datatype: float64}
# schema: astropy-2.0
wavelength bin_width rp^2_value rp^2_errorneg rp^2_errorpos
[from data line 183]
4.85793 0.0020208359 0.01970914607102956 0.000695395367325817 0.0006517388956871865
4.8660007 0.002017498 0.02117878667586443 0.0004604335875978034 0.0004865804284146409
4.8740554 0.0020136833 0.022166712152945616 0.0005679745191831363 0.0004589757911115655
4.8820963 0.0020103455 0.020772604905212464 0.0007087833375269241 0.0006312918817046216
4.890123 0.0020065308 0.020496860291707497 0.0005603007927379097 0.0005770957346255857
4.898134 0.002002716 0.020549131635382138 0.0007575523551293095 0.0007227749501646855
4.906132 0.0019993782 0.02109961743218581 0.0008462782409175348 0.0007026277351907563
4.9141154 0.0019955635 0.021111171572459675 0.0005494531518823939 0.0005072707991984893
4.9220843 0.0019922256 0.021288860652460943 0.0006373977115964706 0.0005479713789381217
4.9300394 0.0019888878 0.02105890006511308 0.000704260095975684 0.0005710114423199547
4.9379797 0.001985073 0.020610897262857125 0.0007513660229522129 0.0007810722034661821
4.945907 0.0019817352 0.0208254685717101 0.0007353420820608858 0.0006423234266240974
4.9538198 0.0019783974 0.02160525296284425 0.0006302708628557058 0.000525764270862171
4.9617186 0.0019745827 0.020567123246640576 0.0007943283647358808 0.0007459227599581272
4.969604 0.0019712448 0.021804252008133497 0.0006155513254582322 0.0005727066276922793
4.977475 0.001967907 0.020042185325808492 0.0006949438372527671 0.0006302994409228407
4.985334 0.001964569 0.02117448612283765 0.0005395904189248873 0.0004962651714110096
4.993177 0.0019607544 0.021024281457226273 0.000702452944814469 0.0006055716261493468
5.001008 0.0019578934 0.021628098643152457 0.000585356525779096 0.0004744281567267798
5.0088243 0.0019540787 0.02070079498333717 0.0006129940806298105 0.0005555562480543987
5.0166283 0.0019512177 0.02073928506812988 0.0009640157080332348 0.0009755385721722555
5.024419 0.001947403 0.02140789769023769 0.0005577162450243998 0.0005294576870337707
5.0321956 0.0019440651 0.020346771296474702 0.0007030192516034074 0.0006612596428172517
5.03996 0.0019412041 0.021066009058431954 0.0006441325088408188 0.0005916841206712181
5.0477095 0.0019373894 0.020250377063265136 0.0008096900433362426 0.0006513205107303056
5.0554476 0.0019345284 0.021279700136359846 0.0006412886468703145 0.0005920449692060209
5.0631714 0.0019311905 0.02051005677223454 0.0008072995306063688 0.0007031094257470664
5.070883 0.0019278526 0.02114231927015552 0.0004907384799655301 0.00044029308238302534
5.07858 0.0019245148 0.0213511288613445 0.0006346951467278983 0.0006232021946064627
5.086265 0.0019211769 0.021656444649322943 0.0006684791447879625 0.0006042136176428944
5.093937 0.001917839 0.021382072900555733 0.0011146611494844694 0.0010037110414320427
5.1015964 0.001914978 0.020037910374754393 0.0005907057630855916 0.0005796999224182975
5.109243 0.0019116402 0.02056347701429886 0.0006124537225726256 0.00045869389688944426
5.1168766 0.0019083023 0.01944412153446228 0.0010912884172567944 0.0010736604317367233
5.124498 0.0019054413 0.02093929942988465 0.000623300025608689 0.0005947425425917342
5.1321063 0.0019021034 0.021440249314220852 0.0008485683000341131 0.0007979809785506158
5.139703 0.0018992424 0.022388780819154894 0.0007408081108609653 0.0006508334268416245
5.1472864 0.0018959045 0.021328355557350947 0.0006726143929152856 0.0006045058259214718
5.154858 0.0018930435 0.02116171741538111 0.000937766126171316 0.0008211956102543751
5.162417 0.0018897057 0.020864951662319674 0.0008406966424794743 0.000687859460716006
5.169964 0.0018868446 0.01957010339913046 0.0009095344870319079 0.0008080189663649609
5.177498 0.0018835068 0.02066191007814637 0.0010818206273444167 0.0010154809281253258
5.1850204 0.0018806458 0.021117492237693398 0.000967650731098689 0.0007314872565200824
5.1925306 0.0018777847 0.022069159220604696 0.0007553496715054855 0.0006975223586858925
5.2000294 0.0018749237 0.020544939872648844 0.0009156780492325621 0.0008899322728994248
5.207515 0.001871109 0.020591246081181427 0.0008523130238948101 0.0009159904869558769
5.2149897 0.0018687248 0.020933682921089984 0.0007728597165416219 0.0007560116549039791
5.2224507 0.001865387 0.020926250578306754 0.0008152626673905462 0.0007241332287337837
5.229902 0.0018630028 0.020910841073848718 0.0006439769326498992 0.0005547438254250754
5.2373395 0.0018591881 0.02079909908535953 0.0007518646491465018 0.0006977857633198199
5.244767 0.0018568039 0.021698890278483794 0.0007154835502897333 0.0006058281239127335
5.252181 0.001853466 0.020194584652034626 0.0009538995260045813 0.0009883930848992306
5.2595854 0.0018510818 0.020680483644154465 0.0007511376091829981 0.0007655028429950327
5.266977 0.001847744 0.021394100229052377 0.0007811826504869751 0.000772036155284133
5.274357 0.001844883 0.021182344909993562 0.0010470296478811217 0.0008546229069022054
5.2817254 0.001842022 0.020503687076466746 0.0007722136958221021 0.0006236415516393118
5.289082 0.0018391609 0.020719453906156527 0.0008785093758868733 0.0007408991556879345
5.296428 0.0018362999 0.020474475949314487 0.0008341427610953946 0.0007269504746037457
