spectrum_conversion/eureka_spectra/eureka_wasp39b_new.txt
# %ECSV 1.0
# ---
# datatype:
# - {name: wavelength, datatype: float64}
# - {name: bin_width, datatype: float64}
# - {name: rp^2_value, datatype: float64}
# - {name: rp^2_errorneg, datatype: float64}
# - {name: rp^2_errorpos, datatype: float64}
# schema: astropy-2.0
wavelength bin_width rp^2_value rp^2_errorneg rp^2_errorpos
3.0115 0.011500000000000066 0.021824667470771553 0.0003970471353672532 0.0003250671422927037
3.0345 0.011499999999999844 0.021989928641709535 0.00013668850206989894 0.00014348436931878317
3.0575 0.011500000000000066 0.021791842804073976 0.000326764691633695 0.00022854108841217913
3.0805 0.011500000000000066 0.021599318037690204 0.00017405467468174785 0.000178419574735713
3.1035000000000004 0.011500000000000066 0.021761345303487497 0.00021059228075641714 0.00021169285856521142
3.1265 0.011499999999999844 0.021359445598813157 0.00016932949570738418 0.0001601457608026921
3.1494999999999997 0.011500000000000066 0.02124400287111187 0.00031640810625314236 0.0002705893112582569
3.1725000000000003 0.011500000000000066 0.021543724602652907 0.00012222790655638804 0.00010625265329694197
3.1955 0.011499999999999844 0.021880385097934635 0.00017161527904046778 0.00017249632926231995
3.2184999999999997 0.011500000000000066 0.021315190676356364 0.0002538866248401779 0.0002248752784857859
3.2415000000000003 0.011500000000000066 0.021179548304409185 0.00020776814651920356 0.0002285452676609838
3.2645 0.011499999999999844 0.021445592176185184 0.0002589746022693164 0.00024387424173788474
3.2874999999999996 0.011500000000000066 0.02097832269092652 0.00014163845207994588 0.00017655047633529514
3.3105 0.011500000000000066 0.021096851885187957 0.0001962990054159494 0.00020481020802049985
3.3335 0.011500000000000066 0.021735503057631427 0.00026106999205780315 0.00016039574407333487
3.3565 0.011499999999999844 0.02157252643982178 0.00024483442363340893 0.00020492803570355475
3.3795 0.011500000000000066 0.021639071110650346 0.00015975781451128476 0.00014315679530999686
3.4025 0.011500000000000066 0.021146298471258613 0.00020866967903184278 0.0002333068914811172
3.4255 0.011499999999999844 0.021449020837681642 0.0002409680227011199 0.000182123634675721
3.4485 0.011500000000000066 0.021318196663815313 0.00020224728687038077 0.00015553928155101135
3.4715 0.011500000000000066 0.021416829702844156 0.00019307550398546536 0.0001765621509335416
3.4945 0.011499999999999844 0.021408946372678643 0.00022302633660689283 0.00020759533559891463
3.5175 0.011500000000000066 0.02145680639481818 0.00017392423000095122 0.00016425433715968815
3.5404999999999998 0.011500000000000066 0.02107798990654466 0.0002339034986902598 0.00023544334337759903
3.5635000000000003 0.011500000000000066 0.021106019408063285 0.0002720835223513386 0.000251588708173104
3.5865 0.011499999999999844 0.02141965885625345 0.00039791691409832297 0.00022849645410399216
3.6094999999999997 0.011500000000000066 0.021049626508880988 0.00024290639998922336 0.0002358939605082433
3.6325000000000003 0.011500000000000066 0.02140623220837531 0.0002657819286166832 0.00017983888312457508
3.6555 0.011499999999999844 0.020917866452935557 0.0002718379966442745 0.00023295472273834883
3.6784999999999997 0.011500000000000066 0.021461362180044616 0.0003131969069572159 0.000178896579378144
3.7015000000000002 0.011500000000000066 0.02109732948139151 0.00022757433965453142 0.00020130220701853122
3.7245 0.011500000000000066 0.021240173717777405 0.0002552754230715354 0.0002774676033127539
3.7475 0.011499999999999844 0.020995295880933407 0.00027480394109365494 0.00022188362484310345
3.7705 0.011500000000000066 0.021412761902752014 0.0002352864762006253 0.00024391215674879688
3.7935 0.011500000000000066 0.02100967625997883 0.00025098840049125534 0.00022076555079205556
3.8165 0.011499999999999844 0.020932405979888987 0.00038388536798155196 0.00031186197370571336
3.8395 0.011500000000000066 0.0209512990479457 0.0002638363829512644 0.00025632130568432887
3.8625 0.011500000000000066 0.02073521942711191 0.00027445964059595596 0.0003135703408682945
3.8855 0.011499999999999844 0.020934535743325076 0.0002955534770808059 0.00027355639267433174
3.9085 0.011500000000000066 0.02136599243043403 0.00027265085536467074 0.00023513746029846239
3.9314999999999998 0.011500000000000066 0.021323848860068027 0.00016902689882917002 0.00014858224955562743
3.9545000000000003 0.011500000000000066 0.021091091236673156 0.00019923589572119413 0.00019464524104762307
3.9775 0.011499999999999844 0.021321635722780383 0.0002162987141636763 0.0002063862666127382
4.0005 0.011499999999999844 0.021774619453172418 0.00016306088381744244 0.00017058270679740084
4.0235 0.011500000000000288 0.021333012173592392 0.00031694363674218684 0.0003208482744600956
4.0465 0.011499999999999844 0.021387634182014205 0.00023862555226571852 0.00025854268571086705
4.0695 0.011500000000000288 0.02109988955326365 0.00019879823117068332 0.00014614087478929602
4.0925 0.011499999999999844 0.020806561264582468 0.0003718678191696953 0.00029449705797271464
4.1155 0.011499999999999844 0.02122525486493433 0.00028960724266126336 0.0002893821348509372
4.1385000000000005 0.011500000000000288 0.02116095983454545 0.0002326575463088322 0.0002025172897296805
4.1615 0.011499999999999844 0.021438724629276137 0.00030187141837149933 0.00025717625984615286
4.1845 0.011499999999999844 0.021519594753311118 0.000207217136480628 0.00017058855505993134
4.2075 0.011500000000000288 0.022246583009646003 0.0002671726837593022 0.00022046286663597592
4.2305 0.011499999999999844 0.022440623039845682 0.00024336846059529876 0.00020279993688585365
4.2535 0.011499999999999844 0.02204812012320369 0.00025649606581721815 0.00020624158328318154
4.2765 0.011500000000000288 0.022506048011136943 0.0002897575779254244 0.00026294259347166976
4.2995 0.011499999999999844 0.02242966923910913 0.00030934017300161126 0.00026096591635848057
4.3225 0.011499999999999844 0.022016141291664917 0.0006354604120862133 0.0005668513197518467
4.3454999999999995 0.011500000000000288 0.022827163291077358 0.0003253854062449796 0.0002496864128150658
4.3685 0.011499999999999844 0.02233437565881216 0.00041963829969536917 0.0003539895444918187
4.3915 0.011499999999999844 0.022111082507592934 0.00032856938947111933 0.00030232316547386395
4.4145 0.011500000000000288 0.022744674903571644 0.0003314376910786669 0.0003061883884775615
4.4375 0.011499999999999844 0.02282029409091584 0.0002987447377955435 0.00027231700789190696
4.4605 0.011500000000000288 0.02129885100242684 0.00042132452712255464 0.0003900180649847561
4.4835 0.011499999999999844 0.022169418941478048 0.0003922424887547772 0.0003409138248152109
4.5065 0.011499999999999844 0.021855263039714596 0.0003482497133019853 0.00023841944739003487
4.5295000000000005 0.011500000000000288 0.021649580353671417 0.0004134219433034568 0.00039808363120520315
4.5525 0.011499999999999844 0.021587052068329126 0.0002905111822329408 0.0002921455293599315
4.5755 0.011499999999999844 0.02186796164957697 0.0003250352313631001 0.00032590494357593106
4.5985 0.011500000000000288 0.02179035150843224 0.00026381641531722164 0.000280441519141611
4.6215 0.011499999999999844 0.021592425943167924 0.0002993441866520549 0.00026946317553828286
4.6445 0.011499999999999844 0.021855898767800093 0.0003144523633863937 0.00029295423086803454
4.6675 0.011500000000000288 0.02133582516905766 0.00031461510485760597 0.0002666922665646894
4.6905 0.011499999999999844 0.021704926973050306 0.00015522970909925826 0.000139182885236816
4.7135 0.011499999999999844 0.021268019209668067 0.0005300259533777968 0.00042399797150513563
4.7364999999999995 0.011500000000000288 0.02131537171349379 0.0005177171006268445 0.00044152380924827525
4.7595 0.011499999999999844 0.02195792362511947 0.0002735748740167014 0.0002524052744022551
4.7825 0.011499999999999844 0.021744051270065668 0.0004204965750412744 0.00040080378744468403
4.8055 0.011500000000000288 0.021921335916716453 0.00040886526058986003 0.00037086309757880173
4.8285 0.011499999999999844 0.021358191136479188 0.00029320102639980583 0.0003165773774109898
4.8515 0.011500000000000288 0.02147438911823085 0.000411369679783901 0.0003540610081058382
4.8745 0.011499999999999844 0.02157163783617351 0.0003344347777987644 0.00035505601483782137
4.8975 0.011499999999999844 0.020855408291271256 0.0004750966391960515 0.0003961860917967852
4.9205000000000005 0.011500000000000288 0.0213144197076369 0.00039987017888780396 0.00036099783688156237
4.9435 0.011499999999999844 0.021298160711237822 0.0005663461381591392 0.00043527217811930793
4.9665 0.011499999999999844 0.02086612953943174 0.0004830100235538662 0.0004499309218957276
4.9895 0.011500000000000288 0.021233900493895373 0.0004417607789248511 0.00041737933653330714
5.0125 0.011499999999999844 0.021600886299850842 0.0004037474528868941 0.0003646248721708989
5.0355 0.011499999999999844 0.021346136313591228 0.00042051984984386656 0.00038417475571528303
5.0585 0.011500000000000288 0.02084865524976538 0.0004883058201489085 0.00037970069973704626
5.0815 0.011499999999999844 0.021672396039940763 0.0003520626200227382 0.00036495231989304086
5.1045 0.011499999999999844 0.021256825216697386 0.0005232470977877129 0.0004643075599304117
5.1274999999999995 0.011500000000000288 0.020883724401166218 0.0006610642862127369 0.0004998354837642445
5.1505 0.011499999999999844 0.022010267780897447 0.0004813591955134672 0.00036875232255987114
5.1735 0.011499999999999844 0.020456040826929527 0.0007144167294525633 0.0006448621251805425
5.1965 0.011500000000000288 0.02154115476241782 0.000647879298106762 0.0005740002069513327
5.2195 0.011499999999999844 0.021126578440738435 0.00048147254375019086 0.00040377041288449864
5.2425 0.011499999999999844 0.021337634591703108 0.0005020920999831147 0.00047988172283653513
5.265499999999999 0.011500000000000288 0.02181799399228756 0.0004981090074478479 0.0004111183751653036
5.2885 0.011499999999999844 0.020594872068853923 0.00046029245379208134 0.00043818341649079495
