spectrum_conversion/eureka_spectra/eureka_wasp39b.txt
# %ECSV 1.0
# ---
# datatype:
# - {name: wavelength, datatype: float32}
# - {name: bin_width, datatype: float32}
# - {name: rp^2_value, datatype: float64}
# - {name: rp^2_errorneg, datatype: float64}
# - {name: rp^2_errorpos, datatype: float64}
# schema: astropy-2.0
wavelength bin_width rp^2_value rp^2_errorneg rp^2_errorpos
3.013114 0.0033066273 0.021823137409680896 0.0003938230613482127 0.00041499415097710074
3.0262864 0.0032930374 0.02191467560075257 0.00020633161330889382 0.00019803839745966695
3.0394037 0.0032794476 0.021889138664305842 0.0003388399568703994 0.00032421774317012084
3.052467 0.0032658577 0.021529872001189714 0.0003772225182672659 0.0003374749776509714
3.0654783 0.0032527447 0.02193070201348673 0.00031585356476681453 0.0002722966236061164
3.0784352 0.0032391548 0.021618319604637167 0.0002281335615632804 0.0002325744115612878
3.091341 0.0032265186 0.021683606565251944 0.0002309977675710971 0.00020495732047669593
3.1041949 0.0032134056 0.021854482836849938 0.00023124810651296152 0.00018436688233714263
3.1169975 0.0032007694 0.021160939055674698 0.00022527337535831193 0.0001936184033668499
3.1297503 0.0031881332 0.021435477744036858 0.00023361409371616682 0.00022393920960207467
3.1424518 0.0031752586 0.02128082789650299 0.0003316982141665023 0.0004230058721973358
3.155105 0.0031633377 0.02154171621939212 0.00022650683053836163 0.000234206575905338
3.1677082 0.0031507015 0.021290005180364932 0.00023533088726220702 0.00021775784784405436
3.180264 0.003139019 0.021713809195318862 0.00026998925363597853 0.00023758129590645272
3.1927702 0.0031266212 0.021804983695758517 0.00020235007637121535 0.0001788877681776352
3.2052298 0.0031149387 0.021753750086383493 0.000264262543560715 0.0001925327201241743
3.217641 0.0031027794 0.02131981965893145 0.00027238537684800765 0.00024234173668622946
3.2300067 0.0030913353 0.021411917098607083 0.0003109693624592652 0.00026682807549086376
3.2423255 0.0030796528 0.021097081657219168 0.000266138940766783 0.00018889361444396346
3.2545993 0.003068447 0.021581621664123325 0.00032722640641980397 0.0002592055383451933
3.2668273 0.003057003 0.02109716825937096 0.00022767330394428756 0.00023087028690890743
3.2790105 0.0030457973 0.0209141707043366 0.00025980322744892717 0.00024422546857825675
3.2911499 0.00303483 0.021135487371757317 0.0002447343772132987 0.0002822716349492639
3.3032444 0.0030236244 0.020837313466017512 0.00032983663429979326 0.0002554199131868627
3.3152964 0.0030128956 0.02125330722986707 0.0002518475148337099 0.0002450110007754004
3.3273041 0.0030019283 0.021570237535553753 0.00035514621234909033 0.0002511274137132098
3.33927 0.002991438 0.021403010177668078 0.0002649774455598733 0.00020736993956370006
3.3511934 0.002980709 0.021793389280092893 0.00020929384332552328 0.0002120010287373214
3.3630745 0.0029702187 0.02131541624964324 0.0002309448721841481 0.0002293599106164522
3.374915 0.0029599667 0.02173844218565096 0.00022705849837436481 0.00019866656873241892
3.3867135 0.0029497147 0.021520333373116846 0.0002294265339778112 0.00018563190269001856
3.3984714 0.0029394627 0.02135991801926986 0.000224354224455027 0.00019112889568670757
3.4101894 0.002929449 0.020950723219743235 0.00034177070199281623 0.00028837506446152683
3.4218671 0.0029194355 0.02188944379627324 0.0003176097900028617 0.00020715843782085144
3.4335115 0.0029110909 0.02136634990122927 0.0003225323714121549 0.0002673993708506295
3.4451168 0.0029013157 0.02135575551976724 0.00026993454738171926 0.0002256908800733863
3.4566824 0.002891302 0.021161764804779534 0.00025752456380197936 0.00023271345159731407
3.4682095 0.0028817654 0.02153196887358886 0.00022384916031017651 0.00021774270048784475
3.479699 0.0028722286 0.02123839990626014 0.00027901210162873877 0.00023058097113476395
3.49115 0.0028626919 0.021461578320605718 0.00024290094184174424 0.0002225070246185748
3.5025628 0.0028531551 0.021298408152373414 0.00026779030599779693 0.00014591893537186512
3.5139391 0.0028440952 0.021508319584774376 0.0002635645330312346 0.0002208917145775438
3.5252788 0.0028350353 0.021462074928006943 0.00022590748972499408 0.00019647131618790586
3.5365808 0.0028254986 0.020769630829855005 0.0004626097845149245 0.0003915617079726652
3.5478468 0.0028164387 0.021110071497517837 0.0003017789775933387 0.00024412842563084972
3.559077 0.0028076172 0.021281318918524174 0.0003296444636662309 0.00026519663148780875
3.5702722 0.0027987957 0.02107065573443043 0.00032402984772575416 0.00034707581737750473
3.5814304 0.0027894974 0.021573664662505872 0.0003088225588998676 0.00025251449865129616
3.592554 0.0027809143 0.021202993401931696 0.0003068584070988027 0.000280289297746851
3.6036432 0.0027723312 0.02086905750378744 0.00033138735318216303 0.0002586385767080618
3.6146982 0.0027637482 0.02123590878542844 0.0002995669806363718 0.00031436197077176764
3.6257188 0.002755165 0.021124939451298792 0.0003588090478480292 0.00027617153241875705
3.636705 0.002746582 0.021496535840878468 0.00030955634436148974 0.0002968268117307521
3.6476574 0.002737999 0.02105660951266258 0.0003268384817505521 0.0002876450485273484
3.6585755 0.002729416 0.020830408963053087 0.0003630278510848156 0.00030013415186646436
3.6694562 0.0027201176 0.021680873614751118 0.00028009704816697734 0.0002765832417501307
3.6803043 0.0027120113 0.021152917098243643 0.0002433246047907102 0.0002500913599931473
3.6911194 0.002703905 0.02108518505255324 0.00032616450192802723 0.0003146004613053914
3.701902 0.0026955605 0.02104857371533177 0.0003188723992001846 0.0002705501324564985
3.712653 0.0026876926 0.021147573247321107 0.00036576900104687976 0.0003480826935364466
3.723372 0.0026798248 0.02124354459656958 0.00028143676757569347 0.0002595955130715727
3.7340598 0.002671957 0.021160836805628785 0.00030307658543216043 0.00024494108381162977
3.7447166 0.0026640892 0.021421629593480023 0.0003331479217770078 0.0002474177027929278
3.7553425 0.0026564598 0.020755223413283726 0.0004747775492410719 0.0003852315693106019
3.7659369 0.002648592 0.021459487153624772 0.00024389905565133305 0.0002562105290856431
3.776501 0.0026409626 0.021157921120960273 0.00031763103492674777 0.0002746866264091534
3.7870347 0.0026333332 0.02104272004095258 0.0003250683413341636 0.00029869421457172016
3.7975385 0.0026259422 0.021119989073872643 0.0003362389096169642 0.00032668668720011243
3.8080127 0.0026185513 0.021305140757709246 0.0003410189438733356 0.0002769849624258726
3.8184571 0.0026111603 0.021038022503058074 0.0005123939069958741 0.0004404022844425766
3.8288724 0.0026037693 0.02081731808928592 0.00036136297465064193 0.000311216406120033
3.8392584 0.0025966167 0.020796448869624375 0.00036475725397892844 0.0003434584732355493
3.8496158 0.0025894642 0.021224745102222383 0.0003855364920689608 0.0003343645692400407
3.8599443 0.0025820732 0.020668032595134625 0.0003423266109100001 0.00032836089594901266
3.8702445 0.0025749207 0.0211850718048131 0.0003286411535999498 0.0002553532836734561
3.8805163 0.0025680065 0.020774034857390718 0.00039167816154513785 0.00040554016157608175
3.8907597 0.002560854 0.020501332346157787 0.0007240544620750154 0.0005370862811841133
3.9009714 0.0025529861 0.021154818886743712 0.0003401618907777175 0.00028732592098519236
3.911155 0.0025458336 0.02151490601727111 0.00032932642919475744 0.00026594930911627915
3.9213119 0.0025391579 0.021042794519377815 0.00035554448161034466 0.00031509824970062106
3.931441 0.0025322437 0.021307037907937126 0.00037365157158763054 0.0003488278656837915
3.941543 0.002525568 0.02123739164981781 0.00033840829828927707 0.0003100708037806349
3.951619 0.0025188923 0.021120678829161948 0.00023812419654538688 0.0001971749322255932
3.9616678 0.0025122166 0.020907639919898025 0.0002884717547246042 0.0002638270104579135
3.9716902 0.0025055408 0.021451010676047273 0.0003568746834897718 0.00031055996820545176
3.9816866 0.0024991035 0.020960867535429376 0.000310566228099083 0.0002562267007295421
3.9916565 0.0024924278 0.02137014302724984 0.00027796413625666774 0.0002488064190197155
4.001601 0.002486229 0.02195591543930891 0.0003754100176556058 0.0003556007848965065
4.0115194 0.0024795532 0.02169868947592424 0.00029815122843046896 0.0002934818443220272
4.021413 0.0024733543 0.021082102439435438 0.00033752606943796004 0.00026513796308888504
4.0312805 0.0024671555 0.021545189452160014 0.00033891289936933966 0.00027738314867601505
4.041123 0.0024604797 0.021166427516753347 0.0003038142573295252 0.0003186446475401464
4.0509405 0.0024542809 0.02153708143419067 0.00038784610855124857 0.00029871605062828377
4.060734 0.002448082 0.021127385773996758 0.0003458459351583787 0.0002746491967148615
4.070502 0.002441883 0.020964101705419316 0.00038068947606085396 0.0003069885198122291
4.0802455 0.002436161 0.021028539754213944 0.0005504619199421454 0.000512074097364177
4.0899644 0.0024294853 0.020947919265140842 0.0003900474808922298 0.00035515354210600633
4.0996594 0.0024237633 0.020615941021881815 0.00040408666078941766 0.0003372844513757148
4.1093307 0.0024180412 0.021017960661337754 0.00027354611609409565 0.0002751506409614836
4.1189775 0.0024118423 0.021197789758587524 0.0004337544725491957 0.0003376294240947063
4.1286025 0.0024061203 0.021216486737112638 0.00030040146971197293 0.0002843133847349154
4.138206 0.002400875 0.020936809303889695 0.0003880603070378942 0.0003890619674283037
4.147786 0.002395153 0.021179635876213142 0.00045778835959069467 0.0003355488245058054
4.1573434 0.002389431 0.021524968700338945 0.00032376521996479307 0.00030136229518099716
4.1668773 0.002383709 0.02095904500626472 0.00048592976814069294 0.0003511357274585264
4.1763887 0.002377987 0.021153224025420986 0.0002732148760651587 0.00022660456581639551
4.185877 0.002371788 0.021373478049743152 0.00039699336507223806 0.00037816847658057526
4.195343 0.0023665428 0.02174606880161874 0.00036660473403031524 0.00038307921005869064
4.204786 0.0023608208 0.022023654705505876 0.00029592827845322314 0.00031545299013982855
4.214206 0.0023550987 0.02192739434610416 0.00036322373211290435 0.00036102561824184407
4.223604 0.0023493767 0.02200873353025476 0.0004580890777768874 0.00043183424866836614
4.2329807 0.0023441315 0.0225142240776138 0.0002753276247895245 0.00028167177306404403
4.2423353 0.0023384094 0.021513951920954517 0.00041021916544328046 0.00034872012929662577
4.2516685 0.0023331642 0.022069653320582503 0.00040695180653273905 0.000312382813791149
4.26098 0.002327919 0.02217256639430963 0.00034157590269331267 0.00029418680368750727
4.27027 0.0023226738 0.02245134711262632 0.0003532796159065252 0.00038045022420617886
4.2795377 0.0023169518 0.02229667419146947 0.00036944618501349655 0.0003488794083946617
4.288785 0.0023117065 0.022333364364489253 0.0004372557599892045 0.0003914332438477372
4.2980103 0.0023064613 0.021792035523334943 0.0005135368059020137 0.00044771816905037065
4.307215 0.0023012161 0.02266659156679817 0.0005165599060613646 0.0004445921695438032
4.3164 0.002295971 0.021243457379743255 0.0010888895847549103 0.0010804654546619497
4.3255634 0.0022907257 0.022471191921202317 0.0004138430992281436 0.0004789090270373962
4.334706 0.0022854805 0.022981399100734472 0.0003976067669334976 0.00034977435555832645
4.343828 0.0022807121 0.022181802891290726 0.000375208318786055 0.000385649855942697
4.35293 0.002275467 0.022939507573901348 0.0004927781228017125 0.0004284025078317745
4.3620124 0.0022706985 0.022734411945646127 0.0004964687708043057 0.0004172056266496388
4.3710785 0.002266407 0.021582046212262115 0.0005966690807159072 0.0005002145393189356
4.380125 0.0022616386 0.02184324166448303 0.0005721534977687938 0.0005153030845106155
4.3891506 0.0022563934 0.021725460304724907 0.000868124558825397 0.0006277086205693713
4.398156 0.002251625 0.02183949264889267 0.0004759408672718665 0.0004397776531414564
4.4071426 0.0022468567 0.02254515715662269 0.00045131391205604013 0.0003770640571363684
4.41611 0.0022420883 0.022611797732590255 0.0005228314168440155 0.0005437372893987574
4.425058 0.002236843 0.022826854877168127 0.0004783087305875594 0.00046498733292997876
4.4339857 0.0022320747 0.023001879055804277 0.0006316532299033249 0.000497976478355075
4.442895 0.0022273064 0.022372257687284756 0.0003432647400282915 0.0003562713552932896
4.451785 0.002222538 0.021368387440319422 0.0007648209140102696 0.0006463026569801904
4.4606566 0.0022177696 0.020932985095888895 0.0006320686577019549 0.00045162386275660396
4.469508 0.0022130013 0.021409687415449366 0.0007894044302364477 0.0005835845495268388
4.478341 0.0022082329 0.02244693994806275 0.00046263513392707373 0.0004093972133739701
4.487156 0.0022039413 0.02176912629805579 0.0005192615165732564 0.00041644009558974154
4.4959526 0.002199173 0.022000463077608556 0.0004726688936210789 0.0004443649439313871
4.5047307 0.0021944046 0.02042218024801872 0.0007768504131560362 0.0006140050298201472
4.5134897 0.0021896362 0.022211604128249737 0.00036861662488249167 0.0003598342550543733
4.5222306 0.0021853447 0.02142238403260722 0.0005668808293983994 0.0005568880952594134
4.530954 0.0021805763 0.021679820264780537 0.00044980566955210577 0.0004056548669245687
4.539659 0.0021762848 0.02126125609372332 0.0006291166969701473 0.000598576393472515
4.5483456 0.0021715164 0.02157357961592746 0.0003572851802063036 0.0003543631150520997
4.557015 0.002167225 0.0218076712540013 0.000475090023527993 0.0004105432561206865
4.565667 0.0021629333 0.022038701081311264 0.0004895495277134759 0.00043690757571091324
4.574301 0.002158165 0.021676879819910264 0.000551789922398481 0.00046539319269756074
4.5829167 0.0021538734 0.02133671627317097 0.0005058904882708458 0.0004929018540586992
4.591516 0.0021500587 0.022355144201623697 0.00039577185307311524 0.00040878708697973665
4.6000967 0.0021452904 0.020843699688884394 0.0006416737904890168 0.0006559496487911487
4.608658 0.0021400452 0.02143613099490838 0.0005493823870050089 0.0004919066075055357
4.6172023 0.0021362305 0.02128343444727303 0.00037502653371608227 0.0003818603128727324
4.62573 0.002131939 0.0217295160659866 0.0004251559323695288 0.0004067284440918868
4.634241 0.0021276474 0.02119228984484255 0.00048614213957360805 0.000541203582566166
4.6427345 0.0021233559 0.022141665472589188 0.00047392334115208337 0.00042940172304217067
4.6512117 0.0021190643 0.02155015137633135 0.0005324923239326297 0.0005210670952155473
4.659672 0.0021152496 0.021713660644387563 0.00046895845098475497 0.00043758055772094573
4.668115 0.002110958 0.020757278150965345 0.0005021135149141341 0.00040212530636965504
4.6765428 0.0021071434 0.021225944295954414 0.0004534992717532514 0.0003802473499298145
4.6849537 0.0021028519 0.022096409170434195 0.0004945964693071833 0.0004321194403897645
4.6933475 0.0020985603 0.02046835670443433 0.0005011664185518086 0.0004243432780133699
4.701726 0.0020947456 0.02190950182130198 0.0004354788443380504 0.00040441611916071374
4.7100887 0.002090454 0.020929795585294935 0.0007459474016676751 0.0006653823176120711
4.718434 0.0020861626 0.021029373467988204 0.0006584833856718153 0.0005012817965397189
4.7267637 0.0020823479 0.02105894755836948 0.0008881950727186276 0.0007694526482633322
4.735078 0.0020785332 0.021498764636442708 0.000490591040671267 0.0004430414700285733
4.7433753 0.0020742416 0.021434394846498495 0.000667668152216451 0.0005976053349931176
4.751658 0.0020709038 0.02088902948080987 0.00040184780641525086 0.00038804702248353487
4.759925 0.0020666122 0.021679933421571 0.00048711007543804363 0.00042417499891315644
4.7681756 0.0020627975 0.022666565715743138 0.0005416991164847243 0.0004994899599679858
4.7764115 0.0020589828 0.021194882411740227 0.0009415478041442243 0.0007330729219448238
4.7846317 0.0020551682 0.021427393154718744 0.0005081539612543651 0.00045712740717765085
4.792836 0.0020513535 0.02200838256326577 0.0005369330269853131 0.0005079961339755149
4.801026 0.0020475388 0.022156224127086004 0.00047092017809942724 0.0004848864067734278
4.8092 0.0020432472 0.021249080756277395 0.0005101294273008455 0.0006398587038930897
4.817359 0.0020399094 0.02134098120226197 0.0006290389216769311 0.0005613348001326478
4.8255033 0.0020360947 0.02071144353352942 0.0005747351087776222 0.0005337171705064973
4.8336315 0.00203228 0.021627531044706882 0.0004913153163192303 0.00043428657682885105
4.8417463 0.0020284653 0.02134326074336253 0.0007066106403860219 0.000622202443627623
