spectrum_conversion/eureka_spectra/wasp39b_NIRSpec.txt
# %ECSV 1.0
# ---
# datatype:
# - {name: wavelength, datatype: float32}
# - {name: bin_width, datatype: float32}
# - {name: rp^2_value, datatype: float64}
# - {name: rp^2_errorneg, datatype: float64}
# - {name: rp^2_errorpos, datatype: float64}
# schema: astropy-2.0
wavelength bin_width rp^2_value rp^2_errorneg rp^2_errorpos
3.013114 0.0033066273 0.022140860928767978 0.00032362877372526036 0.0003057825291672249
3.0262864 0.0032930374 0.022033791890811016 0.00026877197182582566 0.00023064252180918232
3.0394037 0.0032794476 0.022025564515491678 0.0006655280021307733 0.0002597456475931306
3.052467 0.0032658577 0.02156554669950584 0.000519486554768224 0.00043677230677740056
3.0654783 0.0032527447 0.021112717330438777 0.0005002469308910441 0.00045452517887897836
3.0784352 0.0032391548 0.021307632709518017 0.0005206362699868884 0.0004468584702381241
3.091341 0.0032265186 0.02202621784171898 0.00027157444263428004 0.00020122622678168944
3.1041949 0.0032134056 0.02126208011525031 0.00046112423015610277 0.00038519565942484943
3.1169975 0.0032007694 0.024259603644524695 0.0005197199217519266 0.0004757273931103728
3.1297503 0.0031881332 0.021107900763913733 0.0006183063814829068 0.0005418101297101838
3.1424518 0.0031752586 0.02114853638684772 0.0005346515119586705 0.0004324586539762726
3.155105 0.0031633377 0.021809961138163518 0.00034274660267767654 0.0002975755276788186
3.1677082 0.0031507015 0.020963965606798408 0.0002801933089827055 0.00025493268480877504
3.180264 0.003139019 0.02612489134274343 0.0005909192512162757 0.0005079832370007316
3.1927702 0.0031266212 0.02214578485866901 0.0002207486395775088 0.00021599530037959974
3.2052298 0.0031149387 0.021809144499846236 0.00041276349380784186 0.0003857590519795763
3.217641 0.0031027794 0.02071758059050588 0.0005294840214765048 0.00046554812136111526
3.2300067 0.0030913353 0.021410111802242594 0.00030468679518876746 0.0002679131380015874
3.2423255 0.0030796528 0.021386520514904264 0.0001865394665381999 0.00019239245307174635
3.2545993 0.003068447 0.021473167720478456 0.0002679068030990578 0.0002551133873605581
3.2668273 0.003057003 0.02145438856980259 0.00026380382532037797 0.00022405827755829846
3.2790105 0.0030457973 0.021728803072035056 0.00023812076601178317 0.00011906892907670441
3.2911499 0.00303483 0.021823982789836535 0.0003267160462760814 0.00021794566392093623
3.3032444 0.0030236244 0.021155865938277355 0.00029379688681121716 0.0003158172833407462
3.3152964 0.0030128956 0.021918734241926117 0.0002520067798818179 0.00024143280719468238
3.3273041 0.0030019283 0.02106596573624066 0.0004060746411577963 0.0003727789066325059
3.33927 0.002991438 0.02113202518853995 0.00027519782896277475 0.0002658212097990109
3.3511934 0.002980709 0.021284870259180494 0.0003618107592031697 0.0003285686593511375
3.3630745 0.0029702187 0.021806495379623977 0.00041174636371928836 0.0002500830410089479
3.374915 0.0029599667 0.021485969871068537 0.0005800491238986093 0.0005011023314764364
3.3867135 0.0029497147 0.02126418511923093 0.0003578191978486009 0.0003105150595918496
3.3984714 0.0029394627 0.021641489455980063 0.0003051314688109624 0.00030069272692349186
3.4101894 0.002929449 0.02116058218232001 0.0005662009748962672 0.0005277778780887997
3.4218671 0.0029194355 0.021980125249059807 0.00032261230646734446 0.0002746876446458775
3.4335115 0.0029110909 0.02099783526650269 0.0003683695449996638 0.0003124993796331174
3.4451168 0.0029013157 0.021294601770976144 0.00045218067274890514 0.0003349416016958928
3.4566824 0.002891302 0.02122436519039165 0.00047588804900178597 0.0004038919881418808
3.4682095 0.0028817654 0.023669168277033914 0.0009561611515563548 0.0009135374296839714
3.479699 0.0028722286 0.023861595114670738 3.414920008518868e-05 2.4085821791995643e-05
3.49115 0.0028626919 0.02475144175736451 0.0005396178349114517 0.0004967129528644781
3.5025628 0.0028531551 0.02306197213752765 0.0006280159113848313 0.0006297715099752542
3.5139391 0.0028440952 0.024525347299068936 0.0004935448697551727 0.0004423872030266292
3.5252788 0.0028350353 0.021310385486969043 0.0004164568381462702 0.00033675752458192307
3.5365808 0.0028254986 0.024627968300663806 0.0009104289172051153 0.0007449980660313507
3.5478468 0.0028164387 0.022797451191611386 0.0003732841178116404 0.0003029085685159784
3.559077 0.0028076172 0.02040489130146217 0.000782438602078335 0.0006035874389278585
3.5702722 0.0027987957 0.02155890462062032 0.0004666678228646519 0.0004057783585059427
3.5814304 0.0027894974 0.021620656434307682 0.0003153116099694833 0.00033116181677979653
3.592554 0.0027809143 0.02082499431522494 0.00032974619471743197 0.00032329671150141404
3.6036432 0.0027723312 0.023427536163813933 0.0006897887610174472 0.0004941207859880947
3.6146982 0.0027637482 0.021027871953651592 0.00028563493191448644 0.0002533664114369623
3.6257188 0.002755165 0.021021496439427256 0.0002789099319857914 0.0002975794515314954
3.636705 0.002746582 0.021494781647429965 0.00032857016097595157 0.00025899265390437465
3.6476574 0.002737999 0.020971198026884234 0.00032434589905599304 0.0002890736534614108
3.6585755 0.002729416 0.02239151049607482 0.00037681518213462245 0.0003489365427204426
3.6694562 0.0027201176 0.021330201578619815 0.00030617003744582566 0.0003186698996902916
3.6803043 0.0027120113 0.024572912918061105 0.0005270929330388682 0.0005137532475509229
3.6911194 0.002703905 0.021106769377241274 0.000757872953998092 0.0007514811712849845
3.701902 0.0026955605 0.020356373385431486 0.00036202204859860435 0.0003388976422661824
3.712653 0.0026876926 0.02359446425444309 0.000746128898860228 0.0006396632301782189
3.723372 0.0026798248 0.02129983282588772 0.000306341957482862 0.00029774600296697887
3.7340598 0.002671957 0.02157851010268581 0.0002507450316705899 0.0002444992309046483
3.7447166 0.0026640892 0.0229237272028681 0.0005231391727970498 0.00046408831811585796
3.7553425 0.0026564598 0.02202851777701045 0.0003282485187254096 0.0003193117880396189
3.7659369 0.002648592 0.021395296520505595 0.00033805443524929576 0.000305220676576623
3.776501 0.0026409626 0.021737043467064426 0.00036563096985464325 0.0003424079212848777
3.7870347 0.0026333332 0.020646256443274103 0.00046956048201010625 0.00046786989027425285
3.7975385 0.0026259422 0.02095597901237535 0.0004803095281992603 0.0004270003567900457
3.8080127 0.0026185513 0.025469903158005455 0.0008521639863644064 0.0006941648904088688
3.8184571 0.0026111603 0.02171031558363447 0.00041957004695154787 0.00039163006575065884
3.8288724 0.0026037693 0.020796460462198976 0.00046990448830521586 0.00040093564878034005
3.8392584 0.0025966167 0.019580858879519693 0.0007239724465219893 0.0006790959856642839
3.8496158 0.0025894642 0.021631666390666104 0.0003155375840959082 0.00031999083282382296
3.8599443 0.0025820732 0.020382152777313926 0.0007097115702615238 0.0006468368117300213
3.8702445 0.0025749207 0.021577036393409185 0.00042975788908957563 0.0004096534794789282
3.8805163 0.0025680065 0.020082737574736765 0.0004164526543904874 0.0003500714811355346
3.8907597 0.002560854 0.02125965817173989 0.00034291428368120325 0.00032064746938348723
3.9009714 0.0025529861 0.02057636706801658 0.00047171385135301447 0.00034886342377604684
3.911155 0.0025458336 0.02460804549695635 0.0006269940177456822 0.0005098764434279118
3.9213119 0.0025391579 0.021893689914227535 0.0006397897599613421 0.0004909441004700317
3.931441 0.0025322437 0.02079792520454035 0.0004141979980532111 0.00031663129633295595
3.941543 0.002525568 0.021589093169461917 0.00028338252655921853 0.000271340965436042
3.951619 0.0025188923 0.02339592443773335 0.00046157332375776003 0.0003917134559179754
3.9616678 0.0025122166 0.022284364701436223 0.00044267412025133027 0.0003475696404075801
3.9716902 0.0025055408 0.021894145876890456 0.00039232335687003003 0.0004053654922643174
3.9816866 0.0024991035 0.021461759294164356 0.00029402772675930777 0.0002750738792322953
3.9916565 0.0024924278 0.02267117224456868 0.00034016850862326337 0.0003221156745165793
4.001601 0.002486229 0.02382138696504289 0.0006273537706648347 0.0005467002057367165
4.0115194 0.0024795532 0.02113449851707659 0.0003392928684953986 0.0002612918432647292
4.021413 0.0024733543 0.02401746165533295 0.0008706837139022781 0.0008554218838669921
4.0312805 0.0024671555 0.022154726372645935 0.0002899854783517189 0.00026228448143513286
4.041123 0.0024604797 0.02261495663921526 0.0006020607465924664 0.000505397675479257
4.0509405 0.0024542809 0.02127253530202228 0.00043862370208671425 0.0003611057157510249
4.060734 0.002448082 0.021876466077296725 0.0003208500160789482 0.0002803340929563927
4.070502 0.002441883 0.020679374345934722 0.00044323998980791077 0.0003337234029569709
4.0802455 0.002436161 0.02202643364120516 0.0005120503610806099 0.0004102286721010401
4.0899644 0.0024294853 0.020862514299898806 0.0004302563600981635 0.00033332559139419987
4.0996594 0.0024237633 0.023185738082197475 0.0005123635731312318 0.00046777326126632573
4.1093307 0.0024180412 0.023287505087995476 0.0006074030358206445 0.0006148194751908961
4.1189775 0.0024118423 0.020804833139621937 0.00037537665146854596 0.00035906837972408956
4.1286025 0.0024061203 0.021304897747032262 0.00042068568741016055 0.00039938940470736484
4.138206 0.002400875 0.0220805165929493 0.0003516029139686433 0.00029410434332370616
4.147786 0.002395153 0.02133542636757547 0.00034304970901455345 0.0003592156041203158
4.1573434 0.002389431 0.02211234854774446 0.0006033434449385193 0.0005375959016544821
4.1668773 0.002383709 0.02208330328183093 0.0004261922743511795 0.00044705949062768396
4.1763887 0.002377987 0.020805332395870853 0.0005096995850093558 0.0004269048927130689
4.185877 0.002371788 0.02109983083170932 0.0004848540243608569 0.0004318080317917833
4.195343 0.0023665428 0.024343074803013152 0.0004926670350726102 0.00038411280814087956
4.204786 0.0023608208 0.023891575328677004 0.000909597770007018 0.0007452309671410265
4.214206 0.0023550987 0.021396792652040555 0.0006426757582919974 0.0004951998716144629
4.223604 0.0023493767 0.02265597212550251 0.000393953669333761 0.00033401827741172396
4.2329807 0.0023441315 0.024294277225124446 0.0006411180063229903 0.0005899306453601844
4.2423353 0.0023384094 0.022551489624312793 0.00038855390766340606 0.00037895409216514783
4.2516685 0.0023331642 0.022814386322955498 0.0003478657907600956 0.00033737780290556824
4.26098 0.002327919 0.024489703212976527 0.00037407752006225065 0.0003264310781749963
4.27027 0.0023226738 0.022876887733595162 0.00045964589186561766 0.0004043715238321831
4.2795377 0.0023169518 0.022287556944476872 0.00047619120716825905 0.00043655076850906277
4.288785 0.0023117065 0.021905483465865485 0.0003892408063509191 0.00032485099314231297
4.2980103 0.0023064613 0.022372288111750085 0.00059777262423686 0.00039887236548553223
4.307215 0.0023012161 0.025425994068939542 0.0008389777529031958 0.0006952388569619015
4.3164 0.002295971 0.025520837099018156 0.0012599420633519834 0.001038830312391329
4.3255634 0.0022907257 0.024906059537737644 0.0007424762266980932 0.0007356138782148303
4.334706 0.0022854805 0.024669727476329756 0.00033984291780092546 0.00018084911928339248
4.343828 0.0022807121 0.023871339373616372 0.0004893423616707214 0.0003472153494605418
4.35293 0.002275467 0.024260128160825137 0.0004168467380246989 0.0003276388363272417
4.3620124 0.0022706985 0.023417577993278007 0.00041310724655438044 0.0003851374108898506
4.3710785 0.002266407 0.021987498503771605 0.0005099463310458477 0.00039997129610733206
4.380125 0.0022616386 0.022432561599456557 0.00040459018024524215 0.000418068078266616
4.3891506 0.0022563934 0.02273650564921357 0.0007416930454056496 0.0004946336789824479
4.398156 0.002251625 0.022627574359565455 0.00042619489860025797 0.0003727364826123375
4.4071426 0.0022468567 0.022410723694960333 0.0005370617951875808 0.0004719664958342529
4.41611 0.0022420883 0.025590392969498645 0.0008718735947844114 0.0008024803898199311
4.425058 0.002236843 0.02588267465274845 0.0006414936182992277 0.0006334408201081783
4.4339857 0.0022320747 0.021207496390520712 0.0006413547390837354 0.0006214314992741901
4.442895 0.0022273064 0.023472090782170437 0.0006413571694666165 0.000594044385567781
4.451785 0.002222538 0.021463314409139348 0.000561285568797313 0.00047888482021941903
4.4606566 0.0022177696 0.0218368656601236 0.000676222986943014 0.0006014934353135298
4.469508 0.0022130013 0.02290392045929264 0.000656310434241112 0.00045290967383871186
4.478341 0.0022082329 0.0219820740297341 0.0004582553086855852 0.0003376209786370224
4.487156 0.0022039413 0.023384097490760192 0.000431796551819727 0.0003928948113091982
4.4959526 0.002199173 0.023080029771145916 0.00034647687827173146 0.0003547443128517104
4.5047307 0.0021944046 0.022370936702961725 0.0005432212415451762 0.0004528913755420354
4.5134897 0.0021896362 0.022508051042210663 0.0006680041759484848 0.0005920184188130222
4.5222306 0.0021853447 0.02110726333629804 0.0005284234465395554 0.00044295086160524647
4.530954 0.0021805763 0.024500972611403576 0.000680476398705783 0.0005489522372311359
4.539659 0.0021762848 0.02406612592337389 0.0005402547087044081 0.0004579645080270492
4.5483456 0.0021715164 0.02307318604138502 0.00032435590223617305 0.0003119988301722616
4.557015 0.002167225 0.0207090700757334 0.0006114347659337271 0.0005234269750110029
4.565667 0.0021629333 0.020869607241687866 0.00044895541004663295 0.0003884558903537866
4.574301 0.002158165 0.022772190801937445 0.0008585575993450938 0.000496442110904511
4.5829167 0.0021538734 0.02366532027434515 0.00047255887913631375 0.0004446855984001387
4.591516 0.0021500587 0.02224028007298052 0.0004178368203394227 0.0003826596340658246
4.6000967 0.0021452904 0.02288998208038091 0.0004728897417270346 0.0004899038528436012
4.608658 0.0021400452 0.021505890526926856 0.00043861919440631864 0.0004327444640179895
4.6172023 0.0021362305 0.021673442429410113 0.00036870345515333316 0.00036042104565727276
4.62573 0.002131939 0.02429653264834606 0.0006644369057312027 0.0006566402625887285
4.634241 0.0021276474 0.022887622568021442 0.0005979872063589207 0.0005507628024456514
4.6427345 0.0021233559 0.023238155212764837 0.0006927145473633843 0.0006421850516821863
4.6512117 0.0021190643 0.02398145360721306 0.0005914239631993196 0.0005761951128457551
4.659672 0.0021152496 0.02257242864864411 0.0004914093442674149 0.0004448754783087129
4.668115 0.002110958 0.02097763880772517 0.000874425252666327 0.0008271406569120843
4.6765428 0.0021071434 0.021040078269828937 0.00043800838615373067 0.0004036927611878634
4.6849537 0.0021028519 0.023254206775405857 0.0006048133970222927 0.0005388063947536839
4.6933475 0.0020985603 0.019420152678304912 0.000491567216528023 0.00048127876357831334
4.701726 0.0020947456 0.02175095392914436 0.0004217198339983817 0.0003916222073288081
4.7100887 0.002090454 0.022014890297808506 0.0005960767754855517 0.000454736676846413
4.718434 0.0020861626 0.0224278292138445 0.0007252919095066049 0.0006092879521393674
4.7267637 0.0020823479 0.021013764029564175 0.0005198768898477951 0.00047161105388586824
4.735078 0.0020785332 0.021118394395298595 0.0005822217040147432 0.000534528407862906
4.7433753 0.0020742416 0.022808522183119573 0.0005074347276928029 0.000474479009378484
4.751658 0.0020709038 0.0227698641804858 0.0006728425623986796 0.0006050990740734327
4.759925 0.0020666122 0.021805526199154424 0.00043150306420454074 0.0003809870552159908
4.7681756 0.0020627975 0.02370309801683288 0.00038781297659884473 0.0003520941347733911
4.7764115 0.0020589828 0.021328172210623157 0.0004919682047105599 0.0004492789240987706
4.7846317 0.0020551682 0.021616277588354 0.0005976892717764991 0.0005314602283424015
4.792836 0.0020513535 0.021222665999835116 0.0005351355786976375 0.0005035882083496285
4.801026 0.0020475388 0.022387994519600656 0.0006141180483732016 0.0005600954522849907
4.8092 0.0020432472 0.023324254190707567 0.000557887301346819 0.0005551757104298449
4.817359 0.0020399094 0.020991052856447492 0.00044542337276687674 0.00042269935033047157
4.8255033 0.0020360947 0.022708516288131253 0.0008368172139578238 0.0005589147737197833
4.8336315 0.00203228 0.021552597731859108 0.0004953177917401443 0.0004631653818519335
4.8417463 0.0020284653 0.02432527066331875 0.0009095612321534004 0.0008197259513661459
4.849846 0.0020246506 0.022496100732023936 0.0003649387566182355 0.0003548891547754292
