spectrum_conversion/eureka_spectra/wasp39b_NIRSpec.txt
# %ECSV 1.0
# ---
# datatype:
# - {name: wavelength, datatype: float32}
# - {name: bin_width, datatype: float32}
# - {name: rp^2_value, datatype: float64}
# - {name: rp^2_errorneg, datatype: float64}
# - {name: rp^2_errorpos, datatype: float64}
# schema: astropy-2.0
wavelength bin_width rp^2_value rp^2_errorneg rp^2_errorpos
[from data line 184]
4.8660007 0.002017498 0.023555939945571567 0.00055682059361482 0.0005416842547758746
4.8740554 0.0020136833 0.02213275382708348 0.0005845306102269347 0.000570177041055598
4.8820963 0.0020103455 0.020741342173271008 0.0006138132846896412 0.0005646190449432147
4.890123 0.0020065308 0.022252795552424973 0.0008607724645596955 0.0007997481853725293
4.898134 0.002002716 0.020433072861659934 0.0005599366505277363 0.00048198741109661825
4.906132 0.0019993782 0.020626350228596275 0.0007868894816812563 0.0006738615747484411
4.9141154 0.0019955635 0.021107943713264965 0.0006822773304401945 0.0005533706226035079
4.9220843 0.0019922256 0.02197143111576348 0.0008587582484252052 0.0005722125026294753
4.9300394 0.0019888878 0.022732607666108715 0.000824940882170444 0.0008988980364432846
4.9379797 0.001985073 0.02405602542430693 0.0006226337345549005 0.0006498756862526114
4.945907 0.0019817352 0.02392777303853223 0.000627664645871398 0.0005453256235441288
4.9538198 0.0019783974 0.02351691223083014 0.0007047299555413625 0.0006508108483704519
4.9617186 0.0019745827 0.021709524075888807 0.0005704187490636684 0.00046758845417464723
4.969604 0.0019712448 0.02372968398311482 0.0006538952522533031 0.000609624085518054
4.977475 0.001967907 0.02330219820147511 0.0005762816285747874 0.0005092434502945026
4.985334 0.001964569 0.022955315126815073 0.0005914673466061691 0.000514825939881336
4.993177 0.0019607544 0.022188026993056907 0.0007547873895654179 0.0006296720814017547
5.001008 0.0019578934 0.022725382931622906 0.00042250561667683817 0.00039847891488509896
5.0088243 0.0019540787 0.02147958427592416 0.00047061988308604724 0.00039551591736275427
5.0166283 0.0019512177 0.02296010850120572 0.000565765746711553 0.0004774906754314544
5.024419 0.001947403 0.02177817125302222 0.0004417216454319847 0.000382980297593441
5.0321956 0.0019440651 0.021116759821598077 0.0006493973958396175 0.000578584151167353
5.03996 0.0019412041 0.020664014549447097 0.0006821247237438245 0.0006340086430120621
5.0477095 0.0019373894 0.021406197764921663 0.0005336528003437244 0.00043661110892309965
5.0554476 0.0019345284 0.020922748506046984 0.0006462199144203866 0.0005766272221870011
5.0631714 0.0019311905 0.022513420527896854 0.000719014905364624 0.0007286819942624589
5.070883 0.0019278526 0.021380013439998617 0.00041635515296274336 0.00035019804925195963
5.07858 0.0019245148 0.02382193041276313 0.0010138346943629993 0.0009311557785240294
5.086265 0.0019211769 0.022242210277445905 0.0007523047499621779 0.0005826652575843978
5.093937 0.001917839 0.02100093325090023 0.0013984747669974068 0.0013273734270367321
5.1015964 0.001914978 0.01750362526035184 0.0008335456841894184 0.0009316623849811717
5.109243 0.0019116402 0.018044722302799063 0.0009504571560144774 0.0009460439239636527
5.1168766 0.0019083023 0.024374589448430198 0.0012713288279408569 0.0011561637150440535
5.124498 0.0019054413 0.024005748991273026 0.0007018828955717392 0.0006151953418335361
5.1321063 0.0019021034 0.024369662415600735 0.0008006543256487489 0.0006363108053604634
5.139703 0.0018992424 0.024006338241555385 0.0010006436858489946 0.0006670665281442653
5.1472864 0.0018959045 0.02276995473717486 0.0010091700488982953 0.0008895271460216646
5.154858 0.0018930435 0.02357385732057696 0.0006096819392458278 0.0005462063963398746
5.162417 0.0018897057 0.020699231746878717 0.0006912484832509933 0.0007046586171316482
5.169964 0.0018868446 0.01971201725309944 0.0007541210433292637 0.0006466417416571314
5.177498 0.0018835068 0.020623216986054918 0.000698203985247843 0.0005656644763235782
5.1850204 0.0018806458 0.020466694193209508 0.0006405874361520812 0.0006445065925184852
5.1925306 0.0018777847 0.020965261115137378 0.0006202672169203852 0.0005676082762621666
5.2000294 0.0018749237 0.02012409313119886 0.000721319138121821 0.0005573937531080757
5.207515 0.001871109 0.020526383604920657 0.0009247664650130112 0.0008427242571912505
5.2149897 0.0018687248 0.021188713183629686 0.0005701469119110715 0.0005227995147726282
5.2224507 0.001865387 0.021450829670367072 0.0008627337616412614 0.0006420883537147058
5.229902 0.0018630028 0.024041029304666933 0.0007425665433797336 0.0005904766527539476
5.2373395 0.0018591881 0.02380307710602295 0.0006059046798862523 0.0005287378346340958
5.244767 0.0018568039 0.023312532691234657 0.0005046382688027526 0.0005183559355547707
5.252181 0.001853466 0.02377136848488539 0.0008041589566892098 0.0006547514816304285
5.2595854 0.0018510818 0.021860818911204026 0.000612961528887488 0.0006111637951909006
5.266977 0.001847744 0.024711644995697703 0.0005282857804704104 0.0004803038588591206
5.274357 0.001844883 0.021095291988436335 0.000704431752184629 0.0005721563776865148
5.2817254 0.001842022 0.021019299568451725 0.0005684483090097545 0.0005132930334727434
5.289082 0.0018391609 0.01895613115583823 0.00075402032065661 0.0006861850245225461
5.296428 0.0018362999 0.024558506389385316 1.829560808408459e-12 9.732153964481932e-06
5.3030677 0.0016598701 0.024558506389385316 1.829560808408459e-12 9.732153964481932e-06
5.3103914 0.0018310547 0.018095125853535187 0.0009378911183689984 0.0008396059561628436
5.3177037 0.0018281937 0.020661388813777676 0.00096608974194929 0.0008537932569092493
5.325005 0.0018253326 0.021860818911204026 0.000612961528887488 0.0006111637951909006
5.3322945 0.0018224716 0.020316238094678914 0.0009751608188255101 0.0009724577849450737
5.339574 0.0018196106 0.018289351344708646 0.0009965903828566824 0.0009395761481686797
5.3468404 0.0018167496 0.021860818911204026 0.000612961528887488 0.0006111637951909006
